1 
0.99129 
0.968005 
0.92996 
0.878171 
0.813544 
0.737072 
0.650005 
0.553541 
0.448072 
0.335929 
0.218125 
0.0961291 
-0.0281761 
-0.153182 
-0.276855 
-0.397023 
-0.511538 
-0.617944 
-0.714605 
-0.798962 
-0.870114 
-0.926552 
-0.966843 
-0.991224 
-0.999211 
-0.99112 
-0.96757 
-0.929555 
-0.877754 
-0.812946 
-0.736247 
-0.649146 
-0.552618 
-0.447676 
-0.335798 
-0.21834 
-0.0965794 
0.027786 
0.152777 
0.276245 
0.396697 
0.511135 
0.617806 
0.714326 
0.798934 
0.870089 
0.926235 
0.966732 
0.991129 
0.999159 
0.99136 
0.968202 
0.930576 
0.879348 
0.815308 
0.740315 
0.654481 
0.559504 
0.455755 
0.34494 
0.228635 
0.107807 
-0.0159987 
-0.140871 
-0.264898 
-0.385885 
-0.501474 
-0.6097 
-0.707898 
-0.794136 
-0.866838 
-0.924478 
-0.965876 
-0.990791 
-0.999202 
-0.991304 
-0.967995 
-0.930116 
-0.878603 
-0.814542 
-0.73918 
-0.65316 
-0.558143 
-0.454498 
-0.34426 
-0.228125 
-0.107224 
0.0166061 
0.141242 
0.265383 
0.386526 
0.502148 
0.610324 
0.708939 
0.794846 
0.867674 
0.92478 
0.966307 
0.990742 
0.999165 
0.991547 
0.968708 
0.931179 
0.880592 
0.817884 
0.743715 
0.659886 
0.567043 
0.466186 
0.358019 
0.243809 
0.1244 
0.00163904 
-0.122903 
-0.247386 
-0.36977 
-0.487658 
-0.59812 
-0.699531 
-0.788893 
-0.863868 
-0.922874 
-0.965608 
-0.990886 
-0.999173 
-0.990812 
-0.967029 
-0.928248 
-0.87698 
-0.813415 
-0.73924 
-0.65543 
-0.563093 
-0.462245 
-0.354496 
-0.240517 
-0.12204 
0.000249055 
0.124686 
0.248974 
0.371432 
0.489389 
0.600065 
0.701137 
0.790082 
0.864386 
0.923335 
0.965538 
0.990758 
0.999304 
0.991598 
0.969069 
0.932602 
0.883877 
0.823845 
0.753854 
0.674218 
0.587137 
0.492175 
0.389891 
0.281404 
0.167348 
0.0485343 
-0.0742001 
-0.198815 
-0.323389 
-0.445453 
-0.561792 
-0.670188 
-0.766582 
-0.848622 
-0.914006 
-0.961201 
-0.989538 
-0.999286 
-0.990946 
-0.96662 
-0.927703 
-0.875715 
-0.813342 
-0.74176 
-0.661421 
-0.573819 
-0.478208 
-0.376355 
-0.268418 
-0.155232 
-0.0378282 
0.0836079 
0.207141 
0.330953 
0.452938 
0.568737 
0.677208 
0.772985 
0.854618 
0.917751 
0.96357 
0.990658 
0.999232 
0.991391 
0.968974 
0.935198 
0.89039 
0.837805 
0.778859 
0.715204 
0.645856 
0.574169 
0.500252 
0.425349 
0.345338 
0.260175 
0.170519 
0.0752951 
-0.024345 
-0.131614 
-0.245941 
-0.367783 
-0.497075 
-0.62991 
-0.759939 
-0.878399 
-0.965896 
-0.997152 
-0.949735 
-0.8102 
-0.593625 
-0.33383 
-0.0626748 
0.174234 
0.400141 
0.564995 
0.690583 
0.775394 
0.835419 
0.886462 
0.918692 
0.938795 
0.955846 
0.965095 
0.976616 
0.993804 
0.99339 
0.995188 
0.997964 
0.991537 
0.975918 
1 
-nan 
