0 0
0 0.00664452
2.57211e-06 0.00996678
8.77158e-05 0.013289
0.000175262 0.0166113
0.000187 0.0199336
0.000214546 0.0232558
0.000525434 0.0265781
0.000639705 0.0299003
0.000658291 0.0332226
0.000691808 0.0365449
0.000772916 0.0398671
0.000829416 0.0431894
0.000886929 0.0465116
0.0010017 0.0498339
0.00101653 0.0531561
0.00115362 0.0564784
0.00125084 0.0598007
0.00137258 0.0631229
0.00144337 0.0664452
0.00146188 0.0697674
0.00152333 0.0730897
0.00155855 0.076412
0.00161151 0.0797342
0.00164122 0.0830565
0.00173649 0.0863787
0.0017647 0.089701
0.0018193 0.0930233
0.00193909 0.0963455
0.00203351 0.0996678
0.00208978 0.10299
0.00210278 0.106312
0.00214709 0.109635
0.00227149 0.112957
0.00234204 0.116279
0.00257679 0.119601
0.0026413 0.122924
0.00268749 0.126246
0.00283864 0.129568
0.00286867 0.13289
0.00293066 0.136213
0.00303345 0.139535
0.00330989 0.142857
0.00338487 0.146179
0.00340665 0.149502
0.00343676 0.152824
0.00344378 0.156146
0.0034667 0.159468
0.00351568 0.162791
0.0035469 0.166113
0.00358454 0.169435
0.0037044 0.172757
0.00372039 0.17608
0.00372418 0.179402
0.00375216 0.182724
0.00375279 0.186047
0.00404603 0.189369
0.0040527 0.192691
0.00405962 0.196013
0.00408024 0.199336
0.00414037 0.202658
0.00415995 0.20598
0.00427015 0.209302
0.00429978 0.212625
0.0043057 0.215947
0.00444688 0.219269
0.00453685 0.222591
0.00462379 0.225914
0.0046253 0.229236
0.00463203 0.232558
0.00465504 0.23588
0.00470854 0.239203
0.0048796 0.242525
0.00490202 0.245847
0.00493557 0.249169
0.00493898 0.252492
0.00501831 0.255814
0.0050337 0.259136
0.00509239 0.262458
0.00531015 0.265781
0.00546453 0.269103
0.00581637 0.272425
0.00583159 0.275748
0.00584594 0.27907
0.00623469 0.282392
0.00623525 0.285714
0.006296 0.289037
0.00631197 0.292359
0.00647416 0.295681
0.00648627 0.299003
0.00651272 0.302326
0.00678541 0.305648
0.00698578 0.30897
0.00713634 0.312292
0.0071371 0.315615
0.00715211 0.318937
0.00719413 0.322259
0.00724941 0.325581
0.00737125 0.328904
0.00742074 0.332226
0.00774664 0.335548
0.00778541 0.33887
0.00800466 0.342193
0.00802545 0.345515
0.00814387 0.348837
0.00825143 0.352159
0.00833451 0.355482
0.00835607 0.358804
0.00844414 0.362126
0.0084489 0.365449
0.00867752 0.368771
0.00872141 0.372093
0.00883354 0.375415
0.00885129 0.378738
0.00888487 0.38206
0.00904255 0.385382
0.00904615 0.388704
0.00922463 0.392027
0.00926791 0.395349
0.00928423 0.398671
0.00932802 0.401993
0.00940753 0.405316
0.00950187 0.408638
0.0096097 0.41196
0.0100203 0.415282
0.0100403 0.418605
0.0101116 0.421927
0.0101873 0.425249
0.0101905 0.428571
0.010195 0.431894
0.0102578 0.435216
0.0103362 0.438538
0.0103401 0.44186
0.0104602 0.445183
0.0106165 0.448505
0.0106526 0.451827
0.0106549 0.45515
0.0109174 0.458472
0.0109267 0.461794
0.01107 0.465116
0.0110708 0.468439
0.0110786 0.471761
0.0110954 0.475083
0.0113117 0.478405
0.0113858 0.481728
0.0113967 0.48505
0.0114428 0.488372
0.0114913 0.491694
0.0115876 0.495017
0.0118153 0.498339
0.0119227 0.501661
0.0119459 0.504983
0.0119775 0.508306
0.0120092 0.511628
0.0121707 0.51495
0.0122929 0.518272
0.0123255 0.521595
0.0123379 0.524917
0.0126136 0.528239
0.0126407 0.531561
0.0126465 0.534884
0.0132813 0.538206
0.0132837 0.541528
0.0133366 0.54485
0.0134726 0.548173
0.0135623 0.551495
0.013603 0.554817
0.0136504 0.55814
0.013833 0.561462
0.0138573 0.564784
0.0141412 0.568106
0.014295 0.571429
0.014372 0.574751
0.014427 0.578073
0.0146924 0.581395
0.0147117 0.584718
0.0148161 0.58804
0.0149046 0.591362
0.0149468 0.594684
0.0149689 0.598007
0.0150457 0.601329
0.0150868 0.604651
0.0151312 0.607973
0.0151797 0.611296
0.0152987 0.614618
0.0155274 0.61794
0.0155941 0.621262
0.0156534 0.624585
0.0156629 0.627907
0.0158022 0.631229
0.0158532 0.634551
0.0159969 0.637874
0.0161107 0.641196
0.0162363 0.644518
0.0162548 0.647841
0.0164336 0.651163
0.0165311 0.654485
0.0166005 0.657807
0.0166336 0.66113
0.0169904 0.664452
0.0172319 0.667774
0.0176286 0.671096
0.017808 0.674419
0.0178748 0.677741
0.0180352 0.681063
0.0181595 0.684385
0.0181673 0.687708
0.0188871 0.69103
0.0189248 0.694352
0.018936 0.697674
0.0189371 0.700997
0.0189533 0.704319
0.0189929 0.707641
0.0191434 0.710963
0.0192392 0.714286
0.0194297 0.717608
0.0194661 0.72093
0.0197909 0.724252
0.0199624 0.727575
0.0202647 0.730897
0.0203601 0.734219
0.0203672 0.737542
0.0203711 0.740864
0.0204062 0.744186
0.020419 0.747508
0.0204798 0.750831
0.021124 0.754153
0.0211535 0.757475
0.0213609 0.760797
0.0214755 0.76412
0.0214775 0.767442
0.0216961 0.770764
0.0222933 0.774086
0.0224586 0.777409
0.0226306 0.780731
0.0227846 0.784053
0.0228328 0.787375
0.0232224 0.790698
0.0232404 0.79402
0.0234412 0.797342
0.0235237 0.800664
0.0238411 0.803987
0.0241768 0.807309
0.0244436 0.810631
0.0254369 0.813953
0.0257943 0.817276
0.025821 0.820598
0.0259513 0.82392
0.0259971 0.827243
0.0259994 0.830565
0.0260981 0.833887
0.0261774 0.837209
0.0261779 0.840532
0.0262927 0.843854
0.0266391 0.847176
0.0267638 0.850498
0.0268615 0.853821
0.0270167 0.857143
0.0274962 0.860465
0.0276693 0.863787
0.0278454 0.86711
0.0284853 0.870432
0.0287133 0.873754
0.0287959 0.877076
0.0298326 0.880399
0.0301393 0.883721
0.0301856 0.887043
0.0302453 0.890365
0.0304404 0.893688
0.0305441 0.89701
0.0306914 0.900332
0.0309376 0.903654
0.0310083 0.906977
0.0311698 0.910299
0.0311882 0.913621
0.0315147 0.916944
0.0315199 0.920266
0.0316588 0.923588
0.0320063 0.92691
0.0326285 0.930233
0.0329359 0.933555
0.0332103 0.936877
0.0332788 0.940199
0.0336246 0.943522
0.0340798 0.946844
0.0342062 0.950166
0.0361047 0.953488
0.036131 0.956811
0.0367583 0.960133
0.0374414 0.963455
0.0381671 0.966777
0.0397765 0.9701
0.0405406 0.973422
0.0420979 0.976744
0.042202 0.980066
0.0423109 0.983389
0.0457142 0.986711
0.0465781 0.990033
0.048636 0.993355
0.0490898 0.996678
0.060084 1
