0.130528 
0.24714 
0.365323 
0.476009 
0.581465 
0.678688 
0.76055 
0.828464 
0.888813 
0.934676 
0.961966 
0.978536 
0.983225 
0.969994 
0.932773 
0.889243 
0.832448 
0.757629 
0.668486 
0.57688 
0.471102 
0.356415 
0.238375 
0.120147 
-0.0034895 
-0.121037 
-0.241055 
-0.3563 
-0.471299 
-0.576084 
-0.67305 
-0.758669 
-0.833948 
-0.888047 
-0.932281 
-0.963696 
-0.975357 
-0.973575 
-0.962179 
-0.930706 
-0.886283 
-0.83473 
-0.761189 
-0.675997 
-0.583306 
-0.479989 
-0.364553 
-0.251479 
-0.129442 
-0.00300946 
0.125999 
0.247931 
0.370966 
0.477379 
0.583991 
0.672832 
0.753802 
0.826159 
0.887234 
0.926424 
0.961147 
0.981153 
0.975 
0.961014 
0.931904 
0.885363 
0.829207 
0.758956 
0.670065 
0.572263 
0.468992 
0.355048 
0.240678 
0.1256 
0.0076969 
-0.114867 
-0.23897 
-0.357015 
-0.467353 
-0.575006 
-0.674187 
-0.757885 
-0.829284 
-0.890504 
-0.933615 
-0.965905 
-0.975462 
-0.979146 
-0.965589 
-0.93573 
-0.885154 
-0.830382 
-0.757512 
-0.67209 
-0.577821 
-0.478031 
-0.365847 
-0.249022 
-0.125424 
-0.00246089 
0.125908 
0.24509 
0.360249 
0.470418 
0.580221 
0.674088 
0.75794 
0.8352 
0.89603 
0.938667 
0.968557 
0.989167 
0.988129 
0.970715 
0.937131 
0.893706 
0.82962 
0.755997 
0.670969 
0.577296 
0.470899 
0.359748 
0.241084 
0.117796 
-0.00128466 
-0.127051 
-0.248011 
-0.362189 
-0.470369 
-0.577803 
-0.671336 
-0.754178 
-0.829263 
-0.888208 
-0.934302 
-0.965777 
-0.983476 
-0.979599 
-0.966181 
-0.937677 
-0.890023 
-0.829137 
-0.758806 
-0.672011 
-0.572796 
-0.465289 
-0.35236 
-0.240318 
-0.1218 
0.00182206 
0.118539 
0.239142 
0.35796 
0.469796 
0.573406 
0.671032 
0.75755 
0.837177 
0.898371 
0.943606 
0.973402 
0.985125 
0.981507 
0.966636 
0.934651 
0.887042 
0.82986 
0.757196 
0.673103 
0.574318 
0.469839 
0.358032 
0.245492 
0.124502 
0.00299648 
-0.115605 
-0.240533 
-0.363597 
-0.479742 
-0.584452 
-0.677678 
-0.759321 
-0.832345 
-0.887654 
-0.932381 
-0.967633 
-0.981057 
-0.980882 
-0.966852 
-0.93383 
-0.885532 
-0.828742 
-0.750663 
-0.66911 
-0.572149 
-0.469615 
-0.359952 
-0.24943 
-0.125193 
-0.0029219 
0.12087 
0.244261 
0.363795 
0.478081 
0.583495 
0.679756 
0.764876 
0.835217 
0.891291 
0.933567 
0.961139 
0.976375 
0.979637 
0.966917 
0.940259 
0.894904 
0.834474 
0.760423 
0.674332 
0.573449 
0.472239 
0.35885 
0.239746 
0.117843 
-0.00241418 
-0.130214 
-0.249123 
-0.362332 
-0.475948 
-0.582813 
-0.677053 
-0.764327 
-0.838726 
-0.897991 
-0.94271 
-0.970954 
-0.984541 
-0.984858 
-0.964677 
-0.934506 
-0.889437 
-0.830302 
-0.759045 
-0.674062 
-0.578579 
-0.477535 
-0.367904 
-0.250069 
-0.196035 
-0.0740605 
