Result of generated signal: 
-0.00315307
0.101433
0.251925
0.361743
0.484022
0.592939
0.674657
0.743082
0.853211
0.909099
0.959932
0.957555
1.00232
1.01834
0.976144
0.962755
0.880168
0.830304
0.768397
0.694476
0.596993
0.460778
0.361696
0.239197
0.155881
0.0215572
-0.140922
-0.254464
-0.366408
-0.479867
-0.615476
-0.680119
-0.783158
-0.819588
-0.92133
-0.932527
-0.993673
-1.01646
-0.985371
-1.02866
-0.998828
-0.867544
-0.84965
-0.770091
-0.698438
-0.568543
-0.436898
-0.354766
-0.232599
-0.159932
-0.0171295
0.115945
0.207225
0.383878
0.513286
0.581044
0.686164
0.75898
0.886989
0.914267
0.945594
0.998912
1.02771
0.999135
1.00047
0.957608
0.903501
0.847661
0.768865
0.718807
0.59266
0.496706
0.378689
0.250754
0.160775
-0.00277226
-0.12352
-0.261777
-0.340982
-0.454709
-0.580287
-0.689849
-0.758945
-0.858666
-0.923111
-0.981622
-0.965357
-0.996928
-1.03465
-0.983786
-0.975355
-0.888955
-0.799436
-0.74279
-0.706573
-0.591637
-0.475351
-0.386
-0.256979
-0.121796
-0.0121316
0.132342
0.264305
0.370896
0.501356
0.590058
0.706306
0.772042
0.827277
0.868885
0.949352
0.965606
0.976298
1.02662
0.97851
0.966261
0.886145
0.85568
0.76625
0.679494
0.588018
0.485543
0.347269
0.252401
0.142685
0.0115927
-0.103969
-0.216793
-0.388629
-0.471819
-0.584146
-0.684136
-0.766279
-0.84026
-0.915331
-1.00448
-1.00127
-1.01568
-1.00332
-0.997376
-0.92882
-0.901751
-0.854226
-0.761471
-0.661477
-0.603822
-0.479703
-0.387616
-0.257479
-0.151724
0.0142448
0.126408
0.24284
0.353274
0.497374
0.573996
0.696198
0.76838
0.85822
0.898181
0.9613
1.00792
0.984233
0.951537
0.995588
0.976861
0.906048
0.829704
0.751889
0.667417
0.580689
0.51441
0.382535
0.255485
0.136507
0.0157364
-0.0952284
-0.216903
-0.384065
-0.460119
-0.608737
-0.640801
-0.785879
-0.863861
-0.879716
-0.960396
-0.985208
-1.01177
-0.993897
-0.986098
-0.987161
-0.884926
-0.812132
-0.76807
-0.669281
-0.552153
-0.488071
-0.373977
-0.242096
-0.125804

Result of filtered signal: 
-0.00315307
0.116735
0.239194
0.358412
0.473057
0.571289
0.669582
0.754598
0.827996
0.884576
0.936424
0.96945
0.982859
0.983424
0.967946
0.933542
0.883554
0.82722
0.754068
0.670189
0.576468
0.470628
0.362909
0.247822
0.127482
0.00424979
-0.116871
-0.244021
-0.371427
-0.479267
-0.585005
-0.675641
-0.763934
-0.827344
-0.890055
-0.936714
-0.969871
-0.991336
-1.0046
-0.979371
-0.94601
-0.902954
-0.83691
-0.750853
-0.664724
-0.565747
-0.458249
-0.350548
-0.240265
-0.129696
-0.0172982
0.105997
0.240641
0.360275
0.474319
0.58467
0.685292
0.765489
0.838399
0.900948
0.954695
0.977124
0.994365
0.996768
0.977686
0.941676
0.895622
0.839288
0.766299
0.68494
0.591145
0.487523
0.375917
0.25683
0.132785
0.00469211
-0.113655
-0.236752
-0.352255
-0.465521
-0.564954
-0.668491
-0.762171
-0.842439
-0.89754
-0.945137
-0.980334
-0.992469
-0.991216
-0.975935
-0.936437
-0.878064
-0.822622
-0.745878
-0.663158
-0.58047
-0.483308
-0.366353
-0.250452
-0.128913
0.00114804
0.126723
0.251353
0.371791
0.486584
0.588131
0.679408
0.752913
0.824772
0.876632
0.917483
0.957352
0.979277
0.982659
0.966767
0.942643
0.890569
0.830766
0.755117
0.674997
0.573315
0.470545
0.363183
0.247898
0.129996
0.0171831
-0.111023
-0.233924
-0.353071
-0.469104
-0.579002
-0.669328
-0.75803
-0.842098
-0.905525
-0.955404
-0.988017
-1.00443
-0.989293
-0.969389
-0.937099
-0.888729
-0.821549
-0.75655
-0.67214
-0.578818
-0.478019
-0.376069
-0.252455
-0.131233
-0.00514194
0.117009
0.246828
0.358778
0.472737
0.577844
0.678834
0.758995
0.836456
0.8988
0.94197
0.960634
0.980115
0.983227
0.962854
0.931948
0.892018
0.826384
0.747149
0.668822
0.579388
0.480107
0.373925
0.260935
0.139007
0.0191194
-0.108791
-0.228116
-0.353011
-0.462125
-0.57592
-0.671879
-0.755799
-0.826131
-0.895012
-0.94019
-0.966197
-0.987474
-0.992827
-0.97277
-0.932843
-0.887677
-0.824314
-0.737313
-0.657941
-0.57031
-0.465116
-0.35642
-0.307487
-0.18395

Result of distribution function: 
0.000168677
0.000599976
0.000618561
0.00087138
0.000895232
0.00107066
0.00121307
0.0013009
0.00140498
0.00151492
0.00168338
0.00183817
0.00192625
0.00200589
0.0023673
0.00249974
0.00250504
0.00256618
0.0027148
0.00275155
0.00277181
0.00279547
0.00297925
0.00308418
0.00308826
0.00322644
0.00332015
0.00333068
0.00338291
0.0033858
0.00362643
0.00384813
0.00398767
0.00411814
0.00418787
0.0042188
0.00442426
0.00445862
0.00447751
0.00449675
0.0045026
0.00473964
0.00492176
0.00501896
0.00502339
0.00507473
0.00514404
0.00545001
0.00550483
0.00559043
0.00561898
0.00607629
0.00650901
0.00652713
0.00705337
0.00711665
0.00746437
0.00766601
0.00774739
0.00775645
0.00785071
0.00787976
0.00795712
0.00819749
0.00824891
0.0082536
0.00827983
0.00837235
0.00860976
0.00862437
0.00910017
0.0091831
0.0093844
0.00939921
0.00980603
0.0098504
0.00986454
0.00994757
0.0104429
0.0106626
0.0108119
0.0108904
0.0109646
0.0111322
0.011167
0.0112125
0.0112498
0.0112726
0.01134
0.0115158
0.0115474
0.0117433
0.0118954
0.0121824
0.012689
0.0127307
0.0127403
0.0129516
0.0130221
0.0132521
0.0132797
0.0133191
0.0133278
0.0135623
0.01403
0.0140315
0.0143294
0.0147033
0.0147715
0.0148077
0.014977
0.0149984
0.0152958
0.0153017
0.0153323
0.015914
0.0159321
0.0162271
0.0171305
0.0173074
0.0173647
0.0175565
0.0181572
0.0190106
0.0191282
0.0192237
0.0192256
0.0192376
0.0193299
0.0193868
0.019465
0.0196475
0.0202058
0.0204907
0.0205251
0.0213506
0.0213578
0.0216508
0.0217644
0.0217879
0.0227878
0.0229551
0.0231854
0.0235078
0.0236027
0.0236179
0.023802
0.024051
0.0242865
0.0242954
0.0245232
0.0246375
0.0249144
0.025004
0.025025
0.025119
0.0252149
0.025571
0.0268984
0.0279865
0.0279901
0.0283989
0.0292126
0.0300799
0.0302356
0.0304704
0.0307579
0.0310546
0.0310789
0.0312748
0.0316901
0.0318683
0.0326773
0.0327346
0.0328171
0.0333456
0.0334159
0.0337137
0.0338668
0.0343032
0.0349174
0.0354094
0.0355575
0.0364854
0.0377308
0.0389178
0.0389665
0.0434156
0.043437
0.043961
0.0449134
0.0472832
0.0485898
0.0490807
0.0492847
0.052818
0.0543181
0.0581459
0.0653909

Deviations: 
0.000168677 0
0.000599976 0
0.000618561 0
0.00087138 0
0.000895232 0
0.00107066 0
0.00121307 0
0.0013009 0
0.00140498 0
0.00151492 0
0.00168338 0
0.00183817 0
0.00192625 0
0.00200589 0
0.0023673 0
0.00249974 0
0.00250504 0
0.00256618 0
0.0027148 0
0.00275155 0
0.00277181 0
0.00279547 0
0.00297925 0
0.00308418 0
0.00308826 0
0.00322644 0
0.00332015 0
0.00333068 0
0.00338291 0
0.0033858 0
0.00362643 0
0.00384813 0
0.00398767 0
0.00411814 0
0.00418787 0
0.0042188 0
0.00442426 0
0.00445862 0
0.00447751 0
0.00449675 0
0.0045026 0
0.00473964 0
0.00492176 0
0.00501896 0
0.00502339 0
0.00507473 0
0.00514404 0
0.00545001 0
0.00550483 0
0.00559043 0
0.00561898 0
0.00607629 0
0.00650901 0
0.00652713 0
0.00705337 0
0.00711665 0
0.00746437 0
0.00766601 0
0.00774739 0
0.00775645 0
0.00785071 0
0.00787976 0
0.00795712 0
0.00819749 0
0.00824891 0
0.0082536 0
0.00827983 0
0.00837235 0
0.00860976 0
0.00862437 0
0.00910017 0
0.0091831 0
0.0093844 0
0.00939921 0
0.00980603 0
0.0098504 0
0.00986454 0
0.00994757 0
0.0104429 0
0.0106626 0
0.0108119 0
0.0108904 0
0.0109646 0
0.0111322 0
0.011167 0
0.0112125 0
0.0112498 0
0.0112726 0
0.01134 0
0.0115158 0
0.0115474 0
0.0117433 0
0.0118954 0
0.0121824 0
0.012689 0
0.0127307 0
0.0127403 0
0.0129516 0
0.0130221 0
0.0132521 0
0.0132797 0
0.0133191 0
0.0133278 0
0.0135623 0
0.01403 0
0.0140315 0
0.0143294 0
0.0147033 0
0.0147715 0
0.0148077 0
0.014977 0
0.0149984 0
0.0152958 0
0.0153017 0
0.0153323 0
0.015914 0
0.0159321 0
0.0162271 0
0.0171305 0
0.0173074 0
0.0173647 0
0.0175565 0
0.0181572 0
0.0190106 0
0.0191282 0
0.0192237 0
0.0192256 0
0.0192376 0
0.0193299 0
0.0193868 0
0.019465 0
0.0196475 0
0.0202058 0
0.0204907 0
0.0205251 0
0.0213506 0
0.0213578 0
0.0216508 0
0.0217644 0
0.0217879 0
0.0227878 0
0.0229551 0
0.0231854 0
0.0235078 0
0.0236027 0
0.0236179 0
0.023802 0
0.024051 0
0.0242865 0
0.0242954 0
0.0245232 0
0.0246375 0
0.0249144 0
0.025004 0
0.025025 0
0.025119 0
0.0252149 0
0.025571 0
0.0268984 0
0.0279865 0
0.0279901 0
0.0283989 0
0.0292126 0
0.0300799 0
0.0302356 0
0.0304704 0
0.0307579 0
0.0310546 0
0.0310789 0
0.0312748 0
0.0316901 0
0.0318683 0
0.0326773 0
0.0327346 0
0.0328171 0
0.0333456 0
0.0334159 0
0.0337137 0
0.0338668 0
0.0343032 0
0.0349174 0
0.0354094 0
0.0355575 0
0.0364854 0
0.0377308 0
0.0389178 0
0.0389665 0
0.0434156 0
0.043437 0
0.043961 0
0.0449134 0
0.0472832 0
0.0485898 0
0.0490807 0
0.0492847 0
0.052818 0
0.0543181 0
0.0581459 0
0.0653909 0
Autocorrelation function: 
1
0.991511
0.968399
0.931029
0.880088
0.816387
0.741156
0.655437
0.559819
0.456009
0.345366
0.228317
0.106653
-0.0177854
-0.14346
-0.268141
-0.389539
-0.505456
-0.613615
-0.711387
-0.79726
-0.869158
-0.92613
-0.966704
-0.991181
-0.999305
-0.991359
-0.968051
-0.930329
-0.87933
-0.815512
-0.74015
-0.654375
-0.558941
-0.455289
-0.344729
-0.227929
-0.106378
0.0180872
0.143612
0.268362
0.390171
0.505901
0.614165
0.7123
0.798177
0.869871
0.926205
0.96692
0.991143
0.999316
0.991748
0.968926
0.93185
0.882086
0.820255
0.746699
0.663252
0.570619
0.469843
0.3613
0.246489
0.126683
0.00311438
-0.122334
-0.247923
-0.371119
-0.489361
-0.600182
-0.701139
-0.790272
-0.864688
-0.923662
-0.965806
-0.990935
-0.999387
-0.991506
-0.968181
-0.930309
-0.879283
-0.816215
-0.742319
-0.658281
-0.565477
-0.464419
-0.356325
-0.241905
-0.12237
0.00112108
0.126454
0.251905
0.374895
0.493128
0.603692
0.704346
0.793031
0.867179
0.925188
0.966812
0.991371
0.999359
0.991443
0.969222
0.933452
0.884953
0.826087
0.756865
0.67823
0.590526
0.494942
0.392223
0.282939
0.167828
0.047482
-0.0765609
-0.202531
-0.328576
-0.451378
-0.568414
-0.676327
-0.772229
-0.853017
-0.917078
-0.96268
-0.990249
-0.999247
-0.990934
-0.966768
-0.928195
-0.877867
-0.815942
-0.745184
-0.665539
-0.57754
-0.482513
-0.380961
-0.273574
-0.159806
-0.0405525
0.0824952
0.208294
0.334159
0.457524
0.574687
0.682438
0.777311
0.858463
0.920948
0.965006
0.990663
0.999309
0.992282
0.971245
0.93832
0.894864
0.844475
0.788405
0.727564
0.662171
0.592883
0.522183
0.449087
0.371462
0.289005
0.200358
0.106909
0.00904295
-0.0984675
-0.214786
-0.339878
-0.474084
-0.611312
-0.748345
-0.871601
-0.963483
-0.997408
-0.954351
-0.81841
-0.594473
-0.324722
-0.045871
0.187743
0.419662
0.581612
0.705185
0.802993
0.869207
0.91027
0.936612
0.966837
0.979596
0.979409
0.982477
0.992427
0.991605
0.993829
0.999102
0.990246
1
-nan
26
0.014879
0.0149252
0.014969
0.015117
0.0151292
0.015153
0.0152814
0.0152823
0.0154505
0.0155208
0.015574
0.0156109
0.015629
0.0157136
0.015721
0.0157761
0.015791
0.0160199
0.0166246
0.0167028
0.0167284
0.016749
0.0168893
0.0169399
0.0169641
0.0173599
0.0174283
0.0174783
0.0176399
0.0177448
0.0177732
0.0177766
0.0178863
0.0181146
0.0182284
0.0184041
0.0185592
0.0185705
0.0186065
0.0186508
0.0187848
0.0189299
0.0189624
0.0189909
0.019054
0.0190655
0.0190682
0.0192597
0.0193794
0.0197414
0.0197729
0.0198511
0.0201684
0.0202246
0.0202525
0.0205047
0.0205417
0.0208329
0.0209255
0.0209588
0.0209839
0.0211481
0.0215082
0.0215614
0.0215842
0.0218532
0.0218931
0.0221322
0.022225
0.0222327
0.0223564
0.0223791
0.022453
0.0225303
0.022615
0.0227925
0.0228139
0.0229039
0.022925
0.0229339
0.0230796
0.0231693
0.0239825
0.0240575
0.0240803
0.0244269
0.0245581
0.0249488
0.0251978
0.0252828
0.0253762
0.0254333
0.0255414
0.0256206
0.025762
0.0259582
0.0260142
0.026127
0.0262246
0.0265009
0.0266307
0.0267219
0.0267974
0.0269477
0.0277375
0.027739
0.0277984
0.0279052
0.0282652
0.0284511
0.0284956
0.0286021
0.0286593
0.0288526
0.0291604
0.0293051
0.029452
0.0296273
0.0299544
0.0299715
0.0301143
0.0305013
0.0306333
0.0307149
0.0309997
0.0317041
0.031725
0.0321067
0.0326658
0.0329517
0.0334972
0.0335791
0.0339323
0.0340147
0.0343912
0.0345276
0.0347448
0.0348309
0.0350705
0.0351237
0.0353542
0.0356581
0.0362849
0.0362879
0.0364227
0.0367399
0.0368314
0.0377539
0.0382286
0.0382622
0.0395191
0.0396317
0.03983
0.041067
0.0415854
0.0421376
0.0464086
0.0482867
0.0508727
0.052721
0.0538957
0.069716

Deviations: 
3.40281e-06 0
1.75372e-05 0
0.000128339 0
0.000164128 0
0.000195739 0
0.000242989 0
0.000275628 0
0.000374729 0
0.000381764 0
0.000469148 0
0.000498226 0
0.00051761 0
0.00057425 0
0.000598649 0
0.000697034 0
0.000774194 0
0.000899604 0
0.0009376 0
0.00128725 0
0.00139538 0
0.00139761 0
0.00141099 0
0.00142727 0
0.00154947 0
0.00155112 0
0.00155392 0
0.00159674 0
0.00161844 0
0.00165396 0
0.00166105 0
0.00170158 0
0.00186015 0
0.00187325 0
0.00206078 0
0.00206508 0
0.00210058 0
0.00211115 0
0.00221728 0
0.00222892 0
0.00223449 0
0.00239754 0
0.00253149 0
0.00253678 0
0.00258205 0
0.00264073 0
0.00265584 0
0.00274245 0
0.00274841 0
0.00305789 0
0.00312945 0
0.00319031 0
0.00329702 0
0.00330331 0
0.00345316 0
0.00346702 0
0.00352439 0
0.00372786 0
0.00379335 0
0.00387329 0
0.00396325 0
0.00396579 0
0.00408163 0
0.00414636 0
0.00420674 0
0.00424078 0
0.00438979 0
0.00448472 0
0.00462496 0
0.00464038 0
0.00467673 0
0.00475175 0
0.00476853 0
0.00478502 0
0.00490351 0
0.00492745 0
0.00501701 0
0.00502167 0
0.00512044 0
0.00513807 0
0.00519738 0
0.0055246 0
0.00552844 0
0.0055775 0
0.00565217 0
0.00565301 0
0.0058509 0
0.00588985 0
0.00590295 0
0.00600418 0
0.00604817 0
0.00614203 0
0.00619385 0
0.00623768 0
0.00625179 0
0.00636858 0
0.00638999 0
0.00641767 0
0.00654232 0
0.00658756 0
0.00658766 0
0.00659588 0
0.00664262 0
0.00668698 0
0.00669788 0
0.00671476 0
0.00687082 0
0.00688486 0
0.00688854 0
0.0069964 0
0.00703445 0
0.00706848 0
0.00712 0
0.00724957 0
0.00740235 0
0.00750765 0
0.00751993 0
0.00752077 0
0.00754978 0
0.00756988 0
0.00757416 0
0.00758818 0
0.00763623 0
0.00774166 0
0.00781779 0
0.00791004 0
0.00791897 0
0.00795161 0
0.0079616 0
0.0079995 0
0.00805226 0
0.00812224 0
0.00822646 0
0.00826811 0
0.00835799 0
0.00850562 0
0.00851235 0
0.00851999 0
0.00868989 0
0.0087153 0
0.00905713 0
0.00909151 0
0.00920961 0
0.00933172 0
0.00941157 0
0.00953952 0
0.0095475 0
0.00956891 0
0.00972344 0
0.00976433 0
0.00977366 0
0.00987495 0
0.00989111 0
0.00993636 0
0.0100057 0
0.0100121 0
0.0100385 0
0.0100637 0
0.0101272 0
0.0101557 0
0.0101897 0
0.0102063 0
0.0102237 0
0.010298 0
0.0103071 0
0.0104132 0
0.0104235 0
0.010436 0
0.0104452 0
0.0105648 0
0.0105966 0
0.0106282 0
0.0108158 0
0.0108372 0
0.0109083 0
0.0109503 0
0.0109622 0
0.0109805 0
0.011066 0
0.0110877 0
0.0112538 0
0.0113097 0
0.0114651 0
0.0114806 0
0.0114865 0
0.0115221 0
0.0115443 0
0.0115695 0
0.0116226 0
0.0116528 0
0.0116781 0
0.01184 0
0.0118873 0
0.0120518 0
0.0120529 0
0.0120897 0
0.0121044 0
0.0121383 0
0.0122466 0
0.012349 0
0.0123678 0
0.0124985 0
0.0126108 0
0.0126167 0
0.0126485 0
0.0126976 0
0.0127069 0
0.0127142 0
0.012715 0
0.0127404 0
0.0127909 0
0.012791 0
0.012831 0
0.0128786 0
0.0129108 0
0.0129287 0
0.0131038 0
0.0131225 0
0.0131624 0
0.013174 0
0.0131966 0
0.0132328 0
0.013255 0
0.0132858 0
0.0133233 0
0.0134727 0
0.0134812 0
0.0136048 0
0.0137468 0
0.0138768 0
0.0141365 0
0.0142029 0
0.0142218 0
0.0142917 0
0.014383 0
0.0143904 0
0.0143983 0
0.0147471 0
0.0148626 0
0.014879 0
0.0149252 0
0.014969 0
0.015117 0
0.0151292 0
0.015153 0
0.0152814 0
0.0152823 0
0.0154505 0
0.0155208 0
0.015574 0
0.0156109 0
0.015629 0
0.0157136 0
0.015721 0
0.0157761 0
0.015791 0
0.0160199 0
0.0166246 0
0.0167028 0
0.0167284 0
0.016749 0
0.0168893 0
0.0169399 0
0.0169641 0
0.0173599 0
0.0174283 0
0.0174783 0
0.0176399 0
0.0177448 0
0.0177732 0
0.0177766 0
0.0178863 0
0.0181146 0
0.0182284 0
0.0184041 0
0.0185592 0
0.0185705 0
0.0186065 0
0.0186508 0
0.0187848 0
0.0189299 0
0.0189624 0
0.0189909 0
0.019054 0
0.0190655 0
0.0190682 0
0.0192597 0
0.0193794 0
0.0197414 0
0.0197729 0
0.0198511 0
0.0201684 0
0.0202246 0
0.0202525 0
0.0205047 0
0.0205417 0
0.0208329 0
0.0209255 0
0.0209588 0
0.0209839 0
0.0211481 0
0.0215082 0
0.0215614 0
0.0215842 0
0.0218532 0
0.0218931 0
0.0221322 0
0.022225 0
0.0222327 0
0.0223564 0
0.0223791 0
0.022453 0
0.0225303 0
0.022615 0
0.0227925 0
0.0228139 0
0.0229039 0
0.022925 0
0.0229339 0
0.0230796 0
0.0231693 0
0.0239825 0
0.0240575 0
0.0240803 0
0.0244269 0
0.0245581 0
0.0249488 0
0.0251978 0
0.0252828 0
0.0253762 0
0.0254333 0
0.0255414 0
0.0256206 0
0.025762 0
0.0259582 0
0.0260142 0
0.026127 0
0.0262246 0
0.0265009 0
0.0266307 0
0.0267219 0
0.0267974 0
0.0269477 0
0.0277375 0
0.027739 0
0.0277984 0
0.0279052 0
0.0282652 0
0.0284511 0
0.0284956 0
0.0286021 0
0.0286593 0
0.0288526 0
0.0291604 0
0.0293051 0
0.029452 0
0.0296273 0
0.0299544 0
0.0299715 0
0.0301143 0
0.0305013 0
0.0306333 0
0.0307149 0
0.0309997 0
0.0317041 0
0.031725 0
0.0321067 0
0.0326658 0
0.0329517 0
0.0334972 0
0.0335791 0
0.0339323 0
0.0340147 0
0.0343912 0
0.0345276 0
0.0347448 0
0.0348309 0
0.0350705 0
0.0351237 0
0.0353542 0
0.0356581 0
0.0362849 0
0.0362879 0
0.0364227 0
0.0367399 0
0.0368314 0
0.0377539 0
0.0382286 0
0.0382622 0
0.0395191 0
0.0396317 0
0.03983 0
0.041067 0
0.0415854 0
0.0421376 0
0.0464086 0
0.0482867 0
0.0508727 0
0.052721 0
0.0538957 0
0.069716 0
Autocorrelation function: 
1
0.997137
0.991279
0.981463
0.967799
0.950386
0.929192
0.904431
0.875974
0.844217
0.809139
0.770884
0.729493
0.685327
0.638414
0.589166
0.537369
0.483527
0.427964
0.370451
0.311639
0.251622
0.190532
0.128735
0.0664151
0.00384654
-0.0587045
-0.121091
-0.182936
-0.244183
-0.304263
-0.3633
-0.420865
-0.476682
-0.530746
-0.582723
-0.632427
-0.679575
-0.724163
-0.765813
-0.804552
-0.839938
-0.872272
-0.900992
-0.926218
-0.947826
-0.96577
-0.979874
-0.990047
-0.996485
-0.998859
-0.997328
-0.991935
-0.982681
-0.969583
-0.952627
-0.931833
-0.907611
-0.879581
-0.848222
-0.813559
-0.775674
-0.734694
-0.690905
-0.644443
-0.595316
-0.543895
-0.490359
-0.434848
-0.377673
-0.319062
-0.259059
-0.198127
-0.13641
-0.0741766
-0.0116341
0.0508925
0.113229
0.1752
0.236388
0.296742
0.355876
0.413606
0.469765
0.524076
0.576219
0.626268
0.673793
0.71859
0.760634
0.799676
0.835497
0.868205
0.897489
0.923175
0.945266
0.963604
0.978091
0.988802
0.995786
0.998581
0.997678
0.992719
0.984012
0.971295
0.95479
0.934654
0.91071
0.883301
0.852269
0.818083
0.780509
0.739994
0.696492
0.650399
0.60154
0.550361
0.497158
0.441866
0.384969
0.326341
0.266618
0.205757
0.144167
0.0820665
0.0195727
-0.0430993
-0.105467
-0.167461
-0.228698
-0.28924
-0.348535
-0.406482
-0.462861
-0.517349
-0.569872
-0.620129
-0.667937
-0.713136
-0.755549
-0.794838
-0.831369
-0.864304
-0.894003
-0.920103
-0.942624
-0.961452
-0.97644
-0.987711
-0.995069
-0.998512
-0.99795
-0.99362
-0.985211
-0.973076
-0.957035
-0.937328
-0.913888
-0.88675
-0.856361
-0.82237
-0.785277
-0.745074
-0.702022
-0.656149
-0.607726
-0.556812
-0.503795
-0.448769
-0.392078
-0.33379
-0.274174
-0.21352
-0.151893
-0.0898722
-0.027382
0.0351794
0.0976781
0.159695
0.221147
0.281698
0.341178
0.399264
0.455884
0.510506
0.563331
0.613845
0.662009
0.707634
0.750358
0.790159
0.826791
0.860242
0.890364
0.916933
0.9399
0.959124
0.974693
0.98643
0.994267
0.99822
0.99822
0.994267
0.98643
0.974693
0.959124
0.9399
0.916933
0.890364
0.860242
0.826791
0.790159
0.750358
0.707634
0.662009
0.613845
0.563331
0.510506
0.455884
0.399264
0.341178
0.281698
0.221147
0.159695
0.0976781
0.0351794
-0.027382
-0.0898722
-0.151893
-0.21352
-0.274174
-0.33379
-0.392078
-0.448769
-0.503795
-0.556812
-0.607726
-0.656149
-0.702022
-0.745074
-0.785277
-0.82237
-0.856361
-0.88675
-0.913888
-0.937328
-0.957035
-0.973076
-0.985211
-0.99362
-0.99795
-0.998512
-0.995069
-0.987711
-0.97644
-0.961452
-0.942624
-0.920103
-0.894003
-0.864304
-0.831369
-0.794838
-0.755549
-0.713136
-0.667937
-0.620129
-0.569872
-0.517349
-0.462861
-0.406482
-0.348535
-0.28924
-0.228698
-0.167461
-0.105467
-0.0430993
0.0195727
0.0820665
0.144167
0.205757
0.266618
0.326341
0.384969
0.441866
0.497158
0.550361
0.60154
0.650399
0.696492
0.739994
0.780509
0.818083
0.852269
0.883301
0.91071
0.934654
0.95479
0.971295
0.984012
0.992719
0.997678
0.998581
0.995786
0.988802
0.978091
0.963604
0.945266
0.923175
0.897489
0.868205
0.835497
0.799676
0.760634
0.71859
0.673793
0.626268
0.576219
0.524076
0.469765
0.413606
0.355876
0.296742
0.236388
0.1752
0.113229
0.0508925
-0.0116341
-0.0741766
-0.13641
-0.198127
-0.259059
-0.319062
-0.377673
-0.434848
-0.490359
-0.543895
-0.595316
-0.644443
-0.690905
-0.734694
-0.775674
-0.813559
-0.848222
-0.879581
-0.907611
-0.931833
-0.952627
-0.969583
-0.982681
-0.991935
-0.997328
-0.998859
-0.996485
-0.990047
-0.979874
-0.96577
-0.947826
-0.926218
-0.900992
-0.872272
-0.839938
-0.804552
-0.765813
-0.724163
-0.679575
-0.632427
-0.582723
-0.530746
-0.476682
-0.420865
-0.3633
-0.304263
-0.244183
-0.182936
-0.121091
-0.0587045
0.00384654
0.0664151
0.128735
0.190532
0.251622
0.311639
0.370451
0.427964
0.483527
0.537369
0.589166
0.638414
0.685327
0.729493
0.770884
0.809139
0.844217
0.875974
0.904431
0.929192
0.950386
0.967799
0.981463
0.991279
0.997137
