-0.114741 
0.11142 
0.328704 
0.158394 
0.441863 
0.269715 
0.476727 
0.414865 
0.328869 
0.725186 
0.506024 
0.772891 
0.7364 
0.633585 
1.01579 
0.785014 
0.955292 
0.772345 
0.827346 
0.943883 
0.982484 
1.08998 
1.14004 
0.977656 
0.929051 
0.949156 
0.925062 
0.937439 
1.18665 
0.84002 
1.04124 
0.770619 
0.871097 
1.00909 
0.977644 
0.697496 
0.745664 
0.86089 
0.683124 
0.546216 
0.655452 
0.682042 
0.580803 
0.499472 
0.621258 
0.131787 
0.381775 
0.0396639 
0.163722 
0.198022 
-0.0105699 
-0.281229 
0.076658 
-0.469152 
-0.0580967 
-0.318608 
-0.317879 
-0.530246 
-0.432063 
-0.634165 
-0.40899 
-0.6468 
-0.82293 
-0.694738 
-1.0409 
-0.839689 
-0.791968 
-0.840261 
-0.859118 
-1.11351 
-0.99269 
-1.11272 
-1.0835 
-1.03241 
-1.09286 
-1.02825 
-0.938779 
-0.956452 
-0.960078 
-1.11788 
-0.862736 
-0.966063 
-0.876496 
-0.91455 
-0.968017 
-0.786881 
-0.608035 
-0.606166 
-0.615623 
-0.558039 
-0.606644 
-0.606245 
-0.493685 
-0.636407 
-0.258201 
-0.249727 
-0.344794 
-0.241771 
-0.161108 
0.0912549 
-0.00849228 
-0.0820519 
-0.0469919 
0.311005 
0.351896 
0.198685 
0.392589 
0.380767 
0.412421 
0.55785 
0.714833 
0.7753 
0.621202 
0.732172 
0.775883 
1.00648 
0.894672 
0.847094 
1.01017 
1.00027 
0.831715 
0.95901 
0.811283 
0.978807 
0.941277 
1.04541 
1.0089 
0.905916 
1.07034 
0.734976 
0.909418 
1.04065 
1.08671 
0.939504 
0.762302 
0.804717 
0.877144 
0.806007 
0.602527 
0.573862 
0.473564 
0.460852 
0.572477 
0.491576 
0.295061 
0.268866 
0.218484 
0.0860183 
0.20981 
0.0990803 
-0.0470314 
-0.0308682 
-0.0938769 
-0.29135 
-0.0909607 
-0.139777 
-0.281302 
-0.393362 
-0.44593 
-0.50898 
-0.686301 
-0.736802 
-0.58713 
-0.854782 
-0.774235 
-0.732143 
-0.835034 
-0.939938 
-0.709913 
-0.948594 
-1.0004 
-0.955681 
-1.04548 
-0.95205 
-1.13296 
-0.924549 
-1.18057 
-0.974689 
-1.23499 
-0.907305 
-0.865121 
-1.04751 
-0.836217 
-0.876763 
-0.923544 
-0.714748 
-0.762708 
-0.796054 
-0.616045 
-0.580047 
-0.429212 
-0.689026 
-0.412909 
-0.326608 
-0.400723 
-0.425264 
-0.487217 
-0.176184 
-0.213028 
-0.0990117 
0.0344569 
-0.0495593 
0.15885 
0.213034 
0.378285 
0.404955 
0.481823 
0.338317 
0.396052 
0.403251 
0.450818 
0.719737 
0.685569 
0.628619 
0.566607 
0.836524 
0.753724 
0.827178 
0.949918 
0.945671 
0.939528 
0.87077 
0.925654 
1.0075 
1.02481 
1.14332 
1.07408 
0.741121 
1.07291 
0.857432 
0.940227 
0.979023 
1.04858 
1.00227 
0.71388 
0.840384 
0.702887 
0.817748 
0.696627 
0.599075 
0.523847 
0.56153 
0.580349 
0.507751 
0.244838 
0.18302 
0.061572 
0.280259 
0.315222 
-0.0352809 
0.0139786 
0.0506607 
-0.140135 
-0.217899 
-0.260906 
-0.213429 
-0.34196 
-0.430815 
-0.432411 
-0.476199 
-0.681622 
-0.617053 
-0.636238 
-0.78542 
-0.953504 
-0.660274 
-0.765707 
-0.764395 
-0.955246 
-0.866516 
-1.08749 
-1.23588 
-0.900847 
-0.966236 
-1.05415 
-0.972586 
-1.07236 
-0.936125 
-0.908271 
-1.07048 
-0.880082 
-1.0082 
-0.945541 
-0.762273 
-0.952178 
-0.80251 
-0.662379 
-0.778604 
-0.677452 
-0.542293 
-0.475389 
-0.529111 
-0.567351 
-0.497498 
-0.353324 
-0.202776 
-0.228024 
-0.230868 
-0.16807 
-0.00253598 
0.0667248 
-0.0146975 
0.186541 
0.117111 
0.16867 
0.300222 
0.381681 
0.504223 
0.423367 
0.419604 
0.319626 
0.646067 
0.612575 
0.822886 
0.81904 
0.681128 
0.875853 
0.947164 
0.926501 
0.870374 
1.04482 
1.01018 
0.986892 
1.00603 
1.03882 
0.679346 
0.995242 
1.02245 
0.930436 
0.812672 
0.915276 
0.986273 
0.881845 
0.786711 
0.721576 
1.03271 
0.72009 
0.761264 
0.5979 
0.563399 
0.778489 
0.596469 
0.406511 
0.397347 
0.241929 
0.258659 
0.303342 
0.00385009 
0.114654 
-0.0418811 
-0.0858922 
-0.0538788 
-0.311876 
-0.0453957 
-0.410064 
-0.306018 
-0.330805 
-0.463191 
-0.368681 
-0.590616 
-0.478204 
-0.530695 
-0.815727 
-0.860753 
-0.708972 
-0.701533 
-0.948082 
-1.10249 
-0.755903 
-0.90511 
-0.808361 
-0.93147 
-1.02717 
-1.00696 
-0.922307 
-0.953141 
-1.21169 
-1.09864 
-0.753285 
-0.982764 
-1.04191 
-0.845873 
-0.881306 
-0.864251 
-0.980477 
-0.830707 
-0.913931 
-0.748845 
-0.759305 
-0.793004 
-0.581335 
-0.395462 
-0.373199 
-0.443317 
-0.430499 
-0.368795 
-0.308741 
-0.294819 
-0.093449 
-0.267187 
-0.0247814 
0.076439 
0.222646 
0.13662 
0.298318 
0.218904 
0.412871 
0.762953 
0.498287 
0.52783 
0.66086 
0.551253 
0.654472 
0.628196 
0.853689 
0.814699 
0.717253 
1.08059 
0.779276 
0.983214 
0.881916 
1.04209 
0.9444 
0.997807 
1.06662 
0.87029 
0.975664 
0.971433 
0.933543 
1.08328 
0.917728 
0.749607 
1.02267 
0.902142 
0.718547 
0.854474 
0.583483 
0.824886 
0.672637 
0.523029 
0.552014 
0.599306 
0.445872 
0.229705 
0.468514 
0.253842 
0.355477 
0.248019 
0.210516 
0.115667 
0.0907436 
-0.210554 
-0.0061728 
-0.0514565 
-0.239481 
-0.252521 
-0.303586 
-0.340901 
-0.303165 
-0.633196 
-0.611694 
-0.638455 
-0.655365 
-0.594299 
-0.746999 
-0.753836 
-0.795094 
-0.829632 
-1.04322 
-1.07456 
-0.930009 
-1.05446 
-1.03618 
-0.915808 
-0.839776 
-1.14223 
-1.02379 
-0.9942 
-0.861839 
-1.00113 
-0.924539 
-0.93299 
-0.796568 
-0.875178 
-0.853307 
-0.759134 
-0.676124 
-0.62086 
-0.616817 
-0.687239 
-0.816039 
-0.486288 
-0.522367 
-0.572706 
-0.306788 
-0.522746 
-0.194992 
-0.133465 
0.0466195 
0.0397302 
-0.102014 
